Point(1) = {0.0, -0.005006431086039445, 0.0, 0.0005};
Point(2) = {0.0, 0.005006431086039445, 0.0, 0.0005};
Point(3) = {0.003, 0.005006431086039445, 0.0, 0.0005};
Point(4) = {0.003, 0.001471112506685173, 0.0, 0.0005};
Point(5) = {0.00442785108580365, 0.0015427385041937702, 0.0, 0.0005};
Point(6) = {0.0058557021716072995, 0.0014709404958658523, 0.0, 0.0005};
Point(7) = {0.007283553257410949, 0.0014919702744924943, 0.0, 0.0005};
Point(8) = {0.008711404343214598, 0.0014897321948347583, 0.0, 0.0005};
Point(9) = {0.010139255429018248, 0.0015234707095416423, 0.0, 0.0005};
Point(10) = {0.011567106514821898, 0.0014865290129946083, 0.0, 0.0005};
Point(11) = {0.012994957600625547, 0.0015435963985872062, 0.0, 0.0005};
Point(12) = {0.012994957600625547, -0.0015435963985872066, 0.0, 0.0005};
Point(13) = {0.011567106514821898, -0.0014865290129946083, 0.0, 0.0005};
Point(14) = {0.010139255429018248, -0.0015234707095416423, 0.0, 0.0005};
Point(15) = {0.008711404343214598, -0.0014897321948347587, 0.0, 0.0005};
Point(16) = {0.007283553257410949, -0.0014919702744924943, 0.0, 0.0005};
Point(17) = {0.0058557021716072995, -0.0014709404958658523, 0.0, 0.0005};
Point(18) = {0.00442785108580365, -0.0015427385041937702, 0.0, 0.0005};
Point(19) = {0.003, -0.0014711125066851735, 0.0, 0.0005};
Point(20) = {0.003, -0.005006431086039445, 0.0, 0.0005};
Curve(1) = {1, 2};
Curve(2) = {2, 3};
Curve(3) = {3, 4};
Curve(4) = {4, 5};
Curve(5) = {5, 6};
Curve(6) = {6, 7};
Curve(7) = {7, 8};
Curve(8) = {8, 9};
Curve(9) = {9, 10};
Curve(10) = {10, 11};
Curve(11) = {11, 12};
Curve(12) = {12, 13};
Curve(13) = {13, 14};
Curve(14) = {14, 15};
Curve(15) = {15, 16};
Curve(16) = {16, 17};
Curve(17) = {17, 18};
Curve(18) = {18, 19};
Curve(19) = {19, 20};
Curve(20) = {20, 1};
Curve Loop(1) = {1, 2, 3, 4, 5, 6, 7, 8, 9, 10, 11, 12, 13, 14, 15, 16, 17, 18, 19, 20};
Plane Surface(1) = {1};

// Physical Groups
Physical Curve("innri", 1) = {1};
Physical Curve("ytri", 2) = {3, 4, 5, 6, 7, 8, 9, 10, 11, 12, 13, 14, 15, 16, 17, 18, 19};
Physical Surface("ribba", 3) = {1};
Physical Curve("einangrun", 4) = {2, 20};
Coherence;
